20 5
0.5376507660545475 -1.0 0.3562425296099099 -0.5037599085876621 0.23566485975467577 -0.015573585170301009 -0.08432033032706723 0.34294642264373276 -0.47119783894432654 0.3224303504594313 -0.680375964359448 -0.1177967527219499 -0.38171127809123595 -0.4118463785227936 0.11641207345827953 -0.3795436044741535 0.46662294281305705 -0.08048165198615576 0.7881669020971422 0.3426276205418002 1.0 0.0 0.0 0.0 0.0 
0.6652325101667944 -0.9403548063888725 0.3860901394789492 -0.37337714166495073 0.13532889167784368 0.08189976829301196 -0.21159149220675313 0.5180266173213095 -0.7429666893498483 0.42784041749291235 -0.7987100718463245 -0.09706245258149426 -0.45096944157571905 -0.4382035716390642 0.06819972570336053 -0.28967356872124195 0.4294966734570327 0.017635176922047524 0.9132170764901675 0.42910085087573924 1.0 0.0 0.0 0.0 0.0 
0.5079240546053666 -1.0 0.36706678705239554 -0.6391482166502885 0.21145133196704785 -0.3184220166183098 0.09723942596970903 -0.0044584533830077985 -0.12286548356086642 0.269421265767049 -0.4407813592492145 0.31671900184408885 -0.46522720583833643 0.006189626769788166 -0.12796276480568639 -0.08849835242428988 0.2183677698149371 0.022541628280337858 0.5079240546053665 0.2250117683979289 1.0 0.0 0.0 0.0 0.0 
0.5815552523874488 -0.5286221009549797 0.32363777129672455 0.002710814841748512 0.002511358534247809 0.3681298420114546 -0.5010505067137827 0.5174897680763983 -0.7435197817189634 0.16364531116721556 -0.6326625942783064 -0.3861345658772206 -0.23103157636095462 -0.5845382487969235 0.21343117526219124 -0.3214084894941619 0.5535365156854546 0.09188731104523451 0.9255979685459357 0.39659387577649485 1.0 0.0 0.0 0.0 0.0 
0.6908414934282872 -0.7778708697701211 0.40830475525749566 -0.2389587846862019 0.13793217571981797 0.1671419196878376 -0.2947891765717291 0.4538051935381506 -0.8047041221009816 0.3489925251867677 -0.8289333023816927 -0.14032888539649224 -0.429095856678386 -0.4083887521600251 0.07745217757971457 -0.3015905085191416 0.4787850548969901 -0.03511140015933928 0.9262271924690566 0.35828972917880575 1.0 0.0 0.0 0.0 0.0 
0.4782050694412614 -1.0 0.30074051982110567 -0.48070793617068797 0.13684750239695184 -6.052124301506279E-4 -0.08348235270944855 0.41772478954911585 -0.45738096679292983 0.45022378935987634 -0.5725016977255505 0.02880441185795443 -0.3955940184844877 -0.46270722521348584 0.05972374298970612 -0.5379297886229619 0.26257820501049833 -0.053882393033410914 0.5169821698675345 0.4373697281841895 1.0 0.0 0.0 0.0 0.0 
0.8559514783927215 -0.9457922668688401 0.4899079337604265 -0.2652651651554238 0.14837573501626455 0.3026749585613072 -0.4186861513758152 0.7039423805913567 -0.9493938296969462 0.5201257374280133 -0.9959425938136199 -0.2940132202575212 -0.5045665569379068 -0.715687821935532 0.13360789075457158 -0.5961006733450189 0.5513483155144367 -0.03135508548497934 0.9796815769522356 0.6271302621020269 1.0 0.0 0.0 0.0 0.0 
0.6359555690809494 -1.0 0.4753276045563567 -0.3666871241635209 0.16115619954906696 0.10900724050280022 -0.3024258733814535 0.6024570318453495 -0.7537859557227704 0.5486883500864048 -0.9580795487694573 -0.10885608184370477 -0.5316470920099903 -0.6924832623250152 -0.07262775927501752 -0.6575950168796597 0.36908561245213445 -0.09514668783427566 0.7598500813298341 0.5733414485696895 1.0 0.0 0.0 0.0 0.0 
0.5068877142399487 -1.0 0.3844097814281039 -0.3353429327398345 0.19225183687576478 0.02274001484211334 -0.11954154048350661 0.42164528768734716 -0.5367292332729238 0.5201023537501024 -0.7561268620855359 -0.049415345186609186 -0.48505652449503733 -0.3869601341626594 0.026671149166083652 -0.4565100137363671 0.301713488528095 -0.22611378566376386 0.6833440290970385 0.292019517716142 1.0 0.0 0.0 0.0 0.0 
0.7317927170868344 -1.0 0.542017727453296 -0.29271892829594853 0.20415236735267284 0.3605308293245646 -0.23713260814135328 0.7843137254901956 -0.8629521987464368 0.5859027807110619 -1.0048011929404579 -0.023411547229045926 -0.7496585876427615 -0.6430088816825821 -0.06215697223800143 -0.8562746192968254 0.45170149606148735 -0.21558215554690496 0.7736503037329001 0.48023293678612156 1.0 0.0 0.0 0.0 0.0 
0.8247916297215822 -0.8554708281610217 0.5202290922408792 -0.16358035606770563 0.17942460187244577 0.380781108359865 -0.35124515494686626 0.7086362830289057 -0.9237699261730707 0.5518270042189178 -0.9826210320978896 -0.2693644261714372 -0.764223784583927 -0.7164390849441391 -0.14935314154834312 -0.655564401638588 0.45910520187491954 0.06488636874847853 0.8820522289314434 0.5852006134903713 1.0 0.0 0.0 0.0 0.0 
0.42457103637611543 -1.0 0.30838521827173826 -0.4577995155129065 0.15087577954603712 -0.011134128975004983 -0.04512990739609493 0.3474634695100277 -0.4423721006105711 0.4797281052919681 -0.6024708304735757 0.10929975233713213 -0.437852385993289 -0.2913713397814599 -0.0019889468091895957 -0.4882445911985155 0.24651955454020502 -0.22031206500564748 0.5880226540470899 0.3158881310546391 1.0 0.0 0.0 0.0 0.0 
0.9381868131868132 -0.8973704866562007 0.6011924835756671 -0.31162600323118267 0.24277480553718778 0.18718487034019385 -0.1745155014003147 0.5124873873520767 -0.7291315223076609 0.48419365117355506 -0.8924200195262209 -0.11666689081985321 -0.5480168792740054 -0.6239888164030933 0.005610784149545411 -0.42197948272643593 0.4165009945965483 0.009807326712719777 0.9233542825241816 0.43504709576138123 1.0 0.0 0.0 0.0 0.0 
0.5597968440554527 -1.0 0.4069826870248516 -0.41010669947615674 0.2331116176590793 0.14242674076366524 -0.12196379448260627 0.5763316843421229 -0.6518832468128427 0.4146261467627389 -0.7331836287999614 -0.1303219814209805 -0.3405316971937804 -0.5498357293753833 0.06386163338500461 -0.3109146940042834 0.2988840556823753 0.18732640426714986 0.8184054174918551 0.5247446163595952 1.0 0.0 0.0 0.0 0.0 
0.6094070385404026 -1.0 0.4834160031328587 -0.45425720608159387 0.26601742479742396 -0.024198560508852603 -0.036373609508932384 0.3206538132703665 -0.46866838614707373 0.4807998360540039 -0.7325191097451034 0.08557712944365144 -0.4485089112926448 -0.2991168613930586 0.0031752411491469124 -0.23673061797813738 0.28530448956659527 0.12775333251759313 0.7045572033007672 0.27108005188935835 1.0 0.0 0.0 0.0 0.0 
0.7286312014345486 -1.0 0.529319125362024 -0.37870018198141364 0.2841209001900774 0.08244212432839639 -0.13552985267458886 0.4817370204273547 -0.6462501693862146 0.5728984197465294 -0.7869494333213549 0.04041142412365443 -0.5343420080219865 -0.4698582348911382 -0.025839967225490257 -0.5770049242534836 0.32753923409265084 -0.21300742082108903 0.6418707614986867 0.47413891175847 1.0 0.0 0.0 0.0 0.0 
0.5703252422527104 -1.0 0.4172954160785357 -0.3356560332834199 0.24720360775892503 0.2432402947958793 -0.10314384884141808 0.736203322215949 -0.5859852011458269 0.7947143573448625 -0.8035174197541401 0.22318099354605764 -0.6270169976090512 -0.4233235073357413 -0.05567782860623968 -0.6675202922431425 0.44763811442253676 -0.30274737280512254 0.7651347980427898 0.43907704115897506 1.0 0.0 0.0 0.0 0.0 
0.7783062363504005 -1.0 0.5395928007434233 -0.41787378632881783 0.2846404399382772 0.02268286736647233 -0.06492533597718814 0.3668908783212794 -0.5472855594798298 0.583596214511041 -0.8115991264256248 0.1443647555933879 -0.6546211515930045 -0.2970810053037658 -0.09686992038042691 -0.3929751774850292 0.25863649545693335 -0.05926891574316495 0.6963265676738941 0.38801261829653 1.0 0.0 0.0 0.0 0.0 
0.3859163329641304 -1.0 0.26561846201058525 -0.43807545930431296 0.11938438155141928 0.0563216225338926 -0.0826606285033766 0.5085850656421387 -0.48506850504990895 0.6240097054152202 -0.6121028481820099 0.09000359352640225 -0.5081096138652159 -0.33383932097985336 -0.009467052097269446 -0.45991044340797393 0.31969273999588754 -0.08605543335916621 0.5879687590555269 0.463917525773196 1.0 0.0 0.0 0.0 0.0 
0.8836482084690558 -0.8333550488599352 0.4702904387435592 -0.130680774049274 0.10344490576526313 0.36389363173198774 -0.44214571475086206 0.8039087947882736 -0.9769059642073028 0.590517331906262 -1.0021821983267647 0.013660078795650121 -0.5062627649290456 -0.7210762172640712 0.1513015713236019 -0.7158489459461936 0.481664729592421 -0.22718822164619168 0.8359609120521174 0.4905402034287487 1.0 0.0 0.0 0.0 0.0 
-0.12284674125377375 1.0 -0.2172136688804372 0.6645811925124713 -0.24839007316518347 0.4015495397165491 -0.2511099271887764 0.20679739347413123 -0.20870407481126613 -0.001772140749943888 -0.13019331465860512 -0.2299348055966594 0.07892886242159286 -0.28037676712910864 0.045451209051238006 -0.07836085952761503 0.1574320724560469 0.10215769845498135 -0.08272952414432361 0.13066062866275968 0.0 1.0 0.0 0.0 0.0 
-0.217504011850389 1.0 -0.2669355121909574 0.609081053951107 -0.30496235032712027 0.3143273786196957 -0.2712152774903235 0.01706545601397484 -0.2129844900917106 -0.29862682071377866 -0.01067353793547773 -0.37086766972545504 0.03226029027415739 -0.17732378718676703 0.32070114800641875 -0.061986881121919635 0.24001089772281656 0.16978612196493892 -0.0701554833923837 0.2794927081889028 0.0 1.0 0.0 0.0 0.0 
-0.22842534374352233 1.0 -0.23275643571807658 0.5479462089360791 -0.2497754439300766 0.3078814789871708 -0.2566942271053631 0.029951705786992418 -0.23758404455737653 -0.27283800818657855 0.0022623964866576307 -0.3960832357698617 -0.036274442064533875 -0.12443860982519173 0.2395262516389151 -0.06914135287431122 0.2546354557921995 0.2232062750865611 -0.04450032272353009 0.2598631935327852 0.0 1.0 0.0 0.0 0.0 
-0.12998991935483875 1.0 -0.16386088709677424 0.6569774375276324 -0.18644153225806456 0.4288524754873949 -0.18644153225806456 0.21566745083538486 -0.1751512096774194 -0.09171689795252502 -0.15187360469905423 -0.27815281192106067 0.05308484697363334 -0.3176804342872319 0.06972784070010685 -0.15161290322580648 0.15988762659956463 0.021906356663229695 -0.06789314516129036 0.0950223879174151 0.0 1.0 0.0 0.0 0.0 
-0.2711809597723453 1.0 -0.41678667627434896 0.4288032137865838 -0.4218083042297247 -0.05766576132900306 -0.39049795378616703 -0.4271272330304344 -0.057406972904353315 -0.7100633811926013 -0.02436489739709785 -0.3303049341039446 0.12080756236755275 -0.17843745957832102 0.40765754413479605 0.06485602054384215 0.3377296570314602 0.5227662670734561 -0.17371620747639394 0.5510600191385453 0.0 1.0 0.0 0.0 0.0 
-0.30199522880069424 1.0 -0.3343442367631687 0.4883763642822362 -0.3748644545651705 0.09812695382068934 -0.37022415916868723 -0.14190443293080615 -0.21160835207569403 -0.48551195721085866 0.0714595532422466 -0.49183497213741095 -0.05064462600045977 -0.16861609515418366 0.16459462106257916 -0.0482358819584332 0.3666849676589947 0.23187432038592493 -0.0156931210948896 0.43526350032530914 0.0 1.0 0.0 0.0 0.0 
-0.27993936331480557 1.0 -0.3648307225871653 0.41965248092996277 -0.3735695971052329 0.04420955719419812 -0.2930323608775744 -0.3420697514382498 -0.08294916626870542 -0.6223681994273197 0.17511310457118756 -0.3251293588813007 -0.1510848007978548 -0.08472292403570802 0.10265036985658321 -0.09092927930641653 0.3351429036375433 0.38491773304765076 0.021138883867273917 0.5091377424220993 0.0 1.0 0.0 0.0 0.0 
-0.34774297897368056 1.0 -0.4529327059504801 0.26636646601747266 -0.49999904511776144 -0.20276620913221774 -0.22947691973233036 -0.6994065188134411 0.2198236993544403 -0.6522354278537205 0.22300943544463375 -0.05379261656072321 -0.28054818006210436 0.01838205340460808 0.06942987860952765 -0.08849515463644345 0.463278897148816 0.38600797242918716 -0.03616644141729264 0.7272483481782821 0.0 1.0 0.0 0.0 0.0 
-0.21441555362364664 1.0 -0.31799575893841 0.5639925153891092 -0.3598356121078006 0.1894462524777535 -0.3671066150320083 -0.14157395282362137 -0.30529803603493133 -0.4651121433691625 -0.05445348929107732 -0.397971444052165 0.026426105426418198 -0.19971548249427 0.30959475758994903 -0.05379732333947447 0.4473965978269929 0.25824453772001055 0.07903971315650249 0.4183197660633843 0.0 1.0 0.0 0.0 0.0 
-0.19758870134343798 1.0 -0.2656569445649581 0.47557317331092575 -0.29782983120909423 0.2734767677922875 -0.31129255089770735 0.004806239720372459 -0.19742728759726003 -0.2678700297090462 -0.0013006177412714414 -0.4184469123685227 -0.010471925594213038 -0.08260420254908722 0.1928571108538103 -0.03966097388611384 0.23167520569488415 0.26745554217494844 -0.07674338857972454 0.3250430589045814 0.0 1.0 0.0 0.0 0.0 
-0.19277349614653191 1.0 -0.2677668174763197 0.5917050525255001 -0.2948119050019653 0.3731529662322917 -0.27542801021833463 0.13562268546260697 -0.216764632953665 -0.1252497732679112 -0.08384211736653381 -0.3695103394852355 0.016849565731267238 -0.20658913358655534 0.20706839909383812 -0.1333379666353181 0.23076461395860523 0.1060152193428767 -0.022065222891308425 0.20093393107749896 0.0 1.0 0.0 0.0 0.0 
-0.22491932089238117 1.0 -0.2583640103952872 0.6003569239284634 -0.27945614816784475 0.316766867035838 -0.2719768193211953 0.0360855664199943 -0.22642071064548994 -0.2691967801817664 -0.021895975990225948 -0.4353471709764286 0.007130992605042235 -0.13530403188704088 0.24955405555246662 -0.10520666438256104 0.25939958431179794 0.21203490600157288 -0.019663358509178053 0.31294139656704545 0.0 1.0 0.0 0.0 0.0 
-0.09429756119309811 1.0 -0.1796871836057748 0.6130785386106018 -0.219080534380412 0.3453213906954693 -0.22247982522626944 0.05356911240010093 -0.2047419294540069 -0.24135946430809518 -0.004914862207965564 -0.4356413571715191 0.01724836574491425 -0.16776778257134423 0.18052329561537792 -0.0890384325044671 0.21846716304783992 0.19491842613848692 -0.04912047269670419 0.27192474029158675 0.0 1.0 0.0 0.0 0.0 
-0.2748023605389153 1.0 -0.3378799688230707 0.5529286948023825 -0.35727925673062677 0.2875417592618823 -0.2984231040286292 -0.040572259462750115 -0.2132051536689229 -0.33104187682323805 0.08072597706268805 -0.433168824099117 -0.02787109837765566 -0.12428345011360345 0.2420153125303477 -0.048653877982958296 0.2671561519005494 0.2401370225789075 -0.03347184349742782 0.357755261106781 0.0 1.0 0.0 0.0 0.0 
-0.16556291390728467 1.0 -0.22147568234474613 0.5685021690066068 -0.2402457512167876 0.23757037128680522 -0.240148198246287 0.02736716150745132 -0.2217952547040352 -0.2615766580052773 0.005490017349403669 -0.42557497839197655 -0.01308353285311474 -0.1482505451808754 0.10547687869610667 -0.0723188531238435 0.2534907843293706 0.21123653603714443 0.024668152655952687 0.33615255724886306 0.0 1.0 0.0 0.0 0.0 
-0.32381807301017335 1.0 -0.3633790673783912 0.4678174392151384 -0.3669060442848592 0.1507829278164433 -0.2937626644875532 -0.23917879289281552 -0.1008118348793626 -0.5465077645953689 0.02900798727333958 -0.32371685627431196 -0.060868859643883 -0.1418312387791741 0.2668353840351082 0.03859423301097113 0.27632389915910116 0.39472255071967155 -0.03210799363037642 0.5091932290011432 0.0 1.0 0.0 0.0 0.0 
-0.11259661583455195 1.0 -0.14588586413955673 0.6418189612030167 -0.17213285982870277 0.44097356275072647 -0.1919782744934197 0.24311336908869396 -0.18661515617805935 0.04521039052309074 -0.12082488646649117 -0.1962916979276949 0.036243994150825104 -0.24653398508334462 0.024509385464773662 -0.12622728222268637 0.17020054313766445 0.01840026097392692 0.001514518487570462 0.11191769375391691 0.0 1.0 0.0 0.0 0.0 
-0.33638234621541285 1.0 -0.3937176312225382 0.5950564821997717 -0.39625132567455845 0.22216272991930255 -0.26879896677763926 -0.11691400472365926 -0.1164024638297737 -0.4655810685653326 0.1625375925632786 -0.40061387180335895 -0.06154741017703652 -0.0755057188724338 0.14402405594989814 -0.04166082856873876 0.25945868562687197 0.26939259876980437 -0.08270447442640452 0.4802526382049075 0.0 1.0 0.0 0.0 0.0 
-0.3268192025247313 1.0 -0.34507845758863936 0.539010759774709 -0.3496388905747404 0.21680638218493564 -0.321114280512229 -0.064436851718972 -0.19440311842543245 -0.3003029611350663 0.06682041633792574 -0.36585832539369456 -0.04724203194165417 -0.07823026036293013 0.24174071237863243 -0.06498006701915099 0.1926911925792967 0.2219873043179758 -0.09862232202464025 0.37703056179167005 0.0 1.0 0.0 0.0 0.0 
-0.3210421867998206 1.0 -0.34895333205300544 0.5165863048403708 -0.3768644773061902 0.2329627317318673 -0.3367646849124154 -0.11026157092638422 -0.1499684107304802 -0.40959150954822204 0.09762499199795162 -0.34940984145603426 -0.049094327863028885 -0.0779750817633833 0.3026975818337959 -0.06914551874710653 0.34149467481251583 0.25372970262810923 -0.04193073426797246 0.3277656887613779 0.0 1.0 0.0 0.0 0.0 
-0.6822840409956076 -0.7121360013014479 -0.21661848424317912 -0.2859205828278547 0.06419482813425956 0.05975546211548387 0.22506913941760215 0.4741498612305008 0.08370986734794275 0.9204384977081821 -0.2641125752399544 0.9109447817115008 -0.30025522898214146 0.4280525655829483 -0.16185833555765536 0.11587692845655917 0.02781844802342613 -0.6624420944745575 0.29492916559894033 -0.8180762632940204 0.0 0.0 1.0 0.0 0.0 
-0.4044199776607626 -0.6735280038295837 -0.13245099402191807 -0.2069027081316615 0.04371481929162802 0.20103560922319588 0.13781768431827707 0.6169604964007334 -0.13467290306691507 0.9859313378820465 -0.3253555474614233 0.7411331856374854 -0.19750646899975322 0.18934691178927598 -0.04385302459725185 -0.10090709411076682 -0.02003158352573807 -0.758901856383565 0.3256211388640273 -0.7816473334339289 0.0 0.0 1.0 0.0 0.0 
-0.4370381656128591 -0.7112820903481373 -0.042507388076613827 -0.25824594220169933 0.23926959801406797 0.16597730069790095 0.34235617855279166 0.5778678549868597 0.020215698374371024 0.947272904012787 -0.3176976530159785 0.7631629603875509 -0.34772093853496755 0.36051508116726405 -0.22989924228416903 -0.028482841690790073 -0.08904658466228445 -0.7420550970085245 0.34547116629846863 -0.8158408458225574 0.0 0.0 1.0 0.0 0.0 
-0.18142798184069348 -0.8096574494428393 -0.004535351627887216 -0.32413467354054504 0.0820470491126701 0.1601379034179162 0.09208448285724546 0.5722970648870671 -0.13483958380980526 0.9796859586846014 -0.33396615765579873 0.7164780873061125 -0.338986020889422 0.3641257187118238 -0.1902247249539385 -0.005019112875616849 0.12429272417530696 -0.6395403852182602 0.38282228648329775 -0.791489228290974 0.0 0.0 1.0 0.0 0.0 
-0.3886015887402036 -0.6715892733379539 -0.02540476806814712 -0.2006822778722241 0.23394203898298463 0.20801845713832567 0.28314478603673565 0.6265436835561884 -0.052355491378389324 1.0 -0.4796609265874072 0.751841921213956 -0.39646441193742177 0.38369125942492244 -0.1313281485600618 -0.20110005610581438 0.023531023029599862 -0.6223144639702083 0.3591283738417834 -0.7041104654262411 0.0 0.0 1.0 0.0 0.0 
-0.2652754841615375 -0.567332232397538 0.02297827765584653 -0.12842103870313887 0.1526797778111393 0.29571930855977047 0.11221358467327522 0.7348131849546051 -0.22778146921376657 1.0059674540142671 -0.38494862298636207 0.7176549566718302 -0.3375576810993692 0.40531986654656355 -0.16565644521482492 -0.17992790608979758 0.010028377470910635 -0.7532498223992214 0.28626381190526584 -0.804113415125332 0.0 0.0 1.0 0.0 0.0 
-0.43151843084206987 -0.8596550557997971 -0.0023179210675143315 -0.370035755710279 0.21787185353561778 -0.02295648384779984 0.355258708150152 0.47225172916727065 0.08989614837425688 0.9101584526982283 -0.2964931174766152 0.9943386227824473 -0.3854570160547197 0.36438349082483135 -0.25957048118035303 -0.10225461584912321 -0.1199053708351472 -0.7166046668921204 0.33710808643646595 -0.7362932277291465 0.0 0.0 1.0 0.0 0.0 
-0.22271964185786217 -0.7555959709009513 0.10815795253748356 -0.2976740221774115 0.20465623315659356 0.118750356188206 0.22724727345561616 0.5640612014574387 0.01914369319036635 0.9553946392103051 -0.25820659479077923 0.8426774306588585 -0.42517579614766976 0.36326613926331525 -0.3279590258893076 -0.028494193745742136 -0.03754549466718372 -0.5352370470560868 0.3454254421055838 -0.6832680470061554 0.0 0.0 1.0 0.0 0.0 
-0.40544079138783834 -0.6707157404713414 -0.06453216615129648 -0.2773631233814391 0.20096153242129228 0.1447881778673128 0.24587084973243195 0.5519568427142547 -0.0025236242564053157 0.9410544713242823 -0.3421849622234172 0.8434308972553992 -0.34520318589795995 0.40722724753967526 -0.16061003717469713 -0.019188218414809 -0.021511999289862915 -0.5957957521093977 0.38029171237548565 -0.7231597323247017 0.0 0.0 1.0 0.0 0.0 
-0.27403739561008045 -1.0 -0.062476580794209605 -0.4218607716376016 0.09465889397999827 0.014433149392768269 0.1532776587096299 0.4707636357714012 0.06925918530977307 0.9255747041010387 -0.3522668582217242 0.8960610020776012 -0.41704473370873474 0.37695280745837983 -0.17571944004841597 0.028118048251594807 0.13879240263099563 -0.6266355814940217 0.43857013251891375 -0.7710658830177679 0.0 0.0 1.0 0.0 0.0 
-0.48749642755072853 -0.5824521291797655 -0.025488900438066463 -0.2083724437562462 0.21201677236503286 0.16332764576343156 0.317733638182338 0.6305739110970302 0.0875530909244749 0.9929979994284084 -0.25098628736383705 0.7432543416809949 -0.36314470579711544 0.33944173917013365 -0.18022406247260653 -0.09132695905856514 -0.07570453508286812 -0.7089301865537729 0.31733633737522293 -0.7954171954026452 0.0 0.0 1.0 0.0 0.0 
-0.3904566444330424 -0.904395416452882 -0.12189966866779955 -0.4395839512058536 0.11722502931918474 -0.01316284144464178 0.2564563023772877 0.437946247830367 0.11139812630120946 0.8758013188017203 -0.21189561007696028 0.795233767641536 -0.29048703475169263 0.45385187663349014 -0.19139597554416077 2.3415016706629377E-4 -0.05641886914326537 -0.60477071328829 0.2965955170125776 -0.8029567258329191 0.0 0.0 1.0 0.0 0.0 
-0.36840898670334726 -0.8395231545162769 -0.053002171670883974 -0.35213696866156896 0.20781926957988933 0.09319646073416643 0.2718749422766865 0.5272482433534806 -6.379589585969667E-4 0.9571895748874675 -0.3363136176066026 0.7253039441580316 -0.34827694459711156 0.28673455509637796 -0.19377141688019378 -0.27087073799568784 0.007588705676698282 -0.8097553647965698 0.3290374483469374 -0.8201544290754725 0.0 0.0 1.0 0.0 0.0 
-0.42040383349184296 -0.9941473406979298 0.009272272464310779 -0.5250389426940768 0.30869417908258007 -0.07566504086134236 0.45837296071402434 0.4984615979755874 0.1970773117310135 1.0 -0.3638901391767426 0.8539918222973708 -0.5137896222608647 0.3402920281965599 -0.385008317090487 -0.12217816111093271 -0.1347517894686855 -0.676739203752232 0.23547536882862508 -0.9173813100159043 0.0 0.0 1.0 0.0 0.0 
-0.42340284123951155 -0.8303564010966189 -0.12563225950678897 -0.3484648180914212 0.1787557329879353 0.07554246046575519 0.4177794535023432 0.5686577922591273 0.15803924041741713 0.9492624960736247 -0.2942338578119911 0.8109338356962361 -0.3296967201312484 0.32011611538417784 -0.1829087456633698 -0.21610377524923408 -0.030976296009114557 -0.6761050635437882 0.3784273300504042 -0.8964550778280898 0.0 0.0 1.0 0.0 0.0 
-0.34205947279574095 -0.6468510583041165 -0.02044237824762365 -0.2061844896617257 0.2231748772617028 0.21500436942758974 0.25182201171275914 0.710068481443979 -0.11039529057274089 1.005458398117115 -0.4710297363978706 0.7006408328594991 -0.3698369393926142 0.22146474132702373 -0.1501299129317426 -0.2437246917649173 0.023369085060685413 -0.7675411863326405 0.45171322516703616 -0.7494389081081545 0.0 0.0 1.0 0.0 0.0 
-0.3700611888111889 -0.7842657342657342 -0.03561617735556419 -0.33417386966325635 0.20180565030563138 0.11079282504276856 0.2593805379066617 0.6572086202683105 -0.06013153956777326 0.9762107695073277 -0.4526660839160841 0.7658504463383295 -0.27905873841173556 0.2961389788964717 -0.08130074347910897 -0.15935036985109086 0.12006118881118871 -0.7439793502385088 0.35359623811115437 -0.682953582567118 0.0 0.0 1.0 0.0 0.0 
-0.2807108478341357 -0.7726767863754166 -0.06033208362113142 -0.2698914101686862 0.08004442798963331 0.18227000707497626 0.09546213966669952 0.6029818904413007 -0.1263934320674745 1.0 -0.3242502776749353 0.7348719494003836 -0.2851860083457355 0.3133050880078319 -0.10159950418560881 -0.1779856414602048 0.11513838298059798 -0.5985190670122178 0.5364745839777418 -0.6779102934645542 0.0 0.0 1.0 0.0 0.0 
-0.28128413642432326 -0.7723024638912487 0.01245992182493593 -0.30970814518372436 0.2411553073506551 0.11014859922905558 0.2607109487335022 0.6051107513234648 -0.07719745042025628 0.9633772177456301 -0.376441315693652 0.7678610361374655 -0.3382457017022501 0.2872451356535599 -0.1790580938388285 -0.08521676321819727 0.04581866731399448 -0.7343803214930036 0.3588523638238157 -0.764180680367085 0.0 0.0 1.0 0.0 0.0 
-0.5073508702754465 -0.8419422069509379 -0.2053372680812376 -0.353045852773923 0.1023347745824573 0.0650147560486115 0.32766293020897874 0.5297965550222301 0.12460818783825496 0.9803967264198021 -0.31849477839446616 0.7993204187540863 -0.29658861009654086 0.42299416110843246 -0.10212358474624006 -0.22170116645544047 0.036679152152529954 -0.7586131894696928 0.40806406599180045 -0.868252356821793 0.0 0.0 1.0 0.0 0.0 
0.28485975264732044 -0.9287042276291326 -0.08110855352570631 -0.9611889657083363 -0.2408342894576008 -0.6138640401713815 -0.15042870455612467 -0.30837311132160256 0.07798499793617374 0.030616151440336758 0.25430442163123446 0.2966885333820123 0.1384333104888646 0.6168924586837689 -0.1876272726640414 0.5718688084729958 -0.1986828339959446 0.20674795930182488 0.10322451015208078 0.04397497189903127 0.0 0.0 0.0 1.0 0.0 
0.26406250000000003 -0.8414634146341463 -0.014524002489339397 -0.9539617404676788 -0.1881798459448352 -0.6639332478687204 -0.17737285522210006 -0.3473002782991529 -0.02349588033215657 -0.05213252362227229 0.15244693336180223 0.2618830524817275 0.1853214448814763 0.5837841409653273 -0.1056919325116493 0.7412566601973049 -0.15600090579971665 0.36318045246715924 0.04047866438516409 0.08003048780487793 0.0 0.0 0.0 1.0 0.0 
-0.0206005247303469 -1.0 -0.23418873789704775 -0.684532257299834 -0.23172735177163895 -0.41302420652720895 0.010615479295513047 -0.15004203247676082 0.19831535149659402 0.033413981367354954 0.3452741395261093 0.3277271127096186 0.11442043174086024 0.49736015288439755 -0.17855616241025796 0.40318480849539645 -0.1829886026705913 0.10695458532735595 0.07490054956780934 -0.025958107952158 0.0 0.0 0.0 1.0 0.0 
0.2297610379294367 -1.0 -0.10176100725154943 -0.8636077545236069 -0.23244191434434372 -0.5751880901195182 -0.10956493779796153 -0.2877668764413104 0.060789464533684834 -0.033272890665891446 0.24443906327000534 0.22668179371416847 0.16811759866789072 0.5098738967332661 -0.11805606657975012 0.48634306401799243 -0.18413311571839897 0.17840065127934987 0.0670690613812702 -0.005073399407994592 0.0 0.0 0.0 1.0 0.0 
0.36983100581426936 -0.9103950442862577 0.012763703419830007 -0.9466613429891473 -0.18623610812314895 -0.6561018451080924 -0.12846675477741915 -0.2619303115408229 0.008399796460697821 0.027370414884500593 0.17022321501608298 0.32779029406003485 0.09024874245527814 0.6683462585609822 -0.18119654211949843 0.5901570424964573 -0.22024426634795322 0.2911022786285595 0.12737053741237842 0.07878821542995296 0.0 0.0 0.0 1.0 0.0 
0.1851013478752958 -1.0 -0.12393274312740815 -0.8072672318201076 -0.19533902664883215 -0.5575803305590239 -0.12259692862638912 -0.23736179637226365 0.038803594308789116 0.00719252549318934 0.18715452645107808 0.21424778401997496 0.14802438922638927 0.5115112051416612 -0.07386622769662729 0.5526450137216583 -0.1791711271527831 0.2837414029917314 0.025043604619541887 0.03176277532722956 0.0 0.0 0.0 1.0 0.0 
0.22859015071324174 -0.9051867533645849 -0.10967760949911776 -0.9243705960123578 -0.2892761257380732 -0.6190913263998735 -0.2609828666116675 -0.280179123693841 -0.07769455396131841 0.011120406470154914 0.20203861272998833 0.2516101036110835 0.31163511080699186 0.5637114288371438 0.011549516522271278 0.6854461126640794 -0.19492222517981433 0.40136848465765007 0.11025448208526106 0.21190664903818113 0.0 0.0 0.0 1.0 0.0 
0.3558881858532441 -0.8526773066389649 0.024537546574858064 -0.9646619862040913 -0.17873543192298424 -0.7066522828156613 -0.2092380164294654 -0.36136143844171514 -0.07389996750940221 -0.11066044432395178 0.14698615014647828 0.18271275621911712 0.20397801067105478 0.4922234101433949 -0.039725719457181397 0.6016411108619739 -0.18202729104649001 0.32136877606785996 0.08579658135801316 0.10492020020776291 0.0 0.0 0.0 1.0 0.0 
0.3481314399958991 -0.8615881478443635 -0.017640361809392664 -0.9298941267797246 -0.2670548121989378 -0.6892838788092391 -0.31413002780920646 -0.3290822122748326 -0.14128354865019843 -0.024881511211310714 0.10233347379295152 0.26654656490484846 0.24332988629475016 0.6273319274131498 -0.07912827677685574 0.7975826475067347 -0.23195938298181645 0.42837580024120503 0.09929388148453483 0.23032757471676835 0.0 0.0 0.0 1.0 0.0 
0.3001716738197424 -0.8736909871244635 -0.02847798556487568 -0.980105705422249 -0.21218055809710035 -0.6800752994074749 -0.1447439938222044 -0.32007736412386445 -0.0018997387759201144 0.0030265161170420843 0.18447598563333714 0.296187204335924 0.1804241733556047 0.620479619794919 -0.14574222381121438 0.6753277878454567 -0.20910910621044643 0.34135125963119306 0.07428674929998055 0.11806866952789696 0.0 0.0 0.0 1.0 0.0 
0.3608219178082192 -0.9643835616438357 0.03646187242357589 -0.8571168193360967 -0.04104024202387705 -0.5231164199733668 -0.004765302382926207 -0.16271146015930057 0.12955658805756723 0.14959621524396727 0.20274602267862143 0.49594631080714047 -0.04372803291050517 0.722945205479452 -0.29752852904687366 0.5237100651939235 -0.21311060054363007 0.2094287035443832 0.06581996152534736 0.001712328767123171 0.0 0.0 0.0 1.0 0.0 
0.2881901894191379 -0.9141836770421203 -0.05881876323548071 -0.9114302405755101 -0.21315780259794828 -0.5962737466418111 -0.11521291967053457 -0.23191725066105576 0.07111134489753392 0.06453049991570103 0.22089179958317998 0.3979011042847247 0.11568535522276228 0.7274467646903744 -0.14113635303960237 0.6374663859324651 -0.1687514716071497 0.25263196530736304 0.08143959889864105 0.10206225272224351 0.0 0.0 0.0 1.0 0.0 
0.4605695711594576 -0.8693532301555055 0.09024266102945926 -0.9624190071667446 -0.2224414999980725 -0.7148837448126584 -0.20198363015948523 -0.35984971289591006 -0.025802996162001268 -0.008830707034161032 0.17481980228240665 0.348704707123628 0.12579606172791502 0.7160175235707202 -0.18018110403852694 0.7323741832890669 -0.2146266490016026 0.3371797795239154 0.07830680013297373 0.07945263742879377 0.0 0.0 0.0 1.0 0.0 
0.09793741109530583 -1.0 -0.12233243864404873 -0.7764592985770999 -0.1239348035805515 -0.5242998586075482 -0.0017375095075183528 -0.29660655412710685 0.0889323705104191 -0.06997386997656621 0.14743954480796587 0.20893816232010537 0.08540101229656694 0.45904512883405746 -0.12535032803841387 0.4259911784814903 -0.11402206681091404 0.18707685054928186 0.10845341858124496 0.06429587482219071 0.0 0.0 0.0 1.0 0.0 
0.35277315785667807 -0.9544435606334515 -0.012288413440050673 -0.9502286010522509 -0.18745312247725332 -0.6860260211374876 -0.13163015504583542 -0.311053918068359 0.007498801214010302 -0.06442009832900247 0.18876997613710325 0.23636249908072166 0.14832802566383035 0.5882431990226822 -0.10753411715951688 0.6485813928268941 -0.1566877637599075 0.31728074518611654 0.06955308103470764 0.06525052842786688 0.0 0.0 0.0 1.0 0.0 
0.1966362560066856 -1.0 -0.06569546719513751 -0.8543957225306451 -0.1455881328783342 -0.5739841649950164 -0.06075958958108683 -0.32627004512789015 0.06748547649226087 -0.039931765111646124 0.15060919409179566 0.21334961277390302 0.13521136569398975 0.49035509725307247 -0.09199704223783364 0.515253438088417 -0.17396839382041698 0.24371559070042237 0.07970431970307551 0.0924855491329479 0.0 0.0 0.0 1.0 0.0 
0.3503800692482191 -0.928960878736021 0.017516884512769417 -0.941821417485269 -0.16110160385242964 -0.6483491395499995 -0.07648033207259435 -0.32906050304334766 0.07441894210765182 -0.02622148728841841 0.16775197038770703 0.31230387232179674 0.13359085817769048 0.6328356949325098 -0.131227507902416 0.6302584857925895 -0.21553070054361378 0.2881076063644195 0.07022376673448616 0.09326670858986086 0.0 0.0 0.0 1.0 0.0 
0.3537995285666181 -0.9041418789987653 0.01391690542895525 -0.9332880339301051 -0.147113777200118 -0.6504455995572018 -0.058410831467607546 -0.3080229127915465 0.11430152229372978 -0.003723040717023604 0.20773001085045095 0.3502396711765407 0.039285544405222673 0.6524114191641411 -0.24361966689742454 0.5530944111073098 -0.22081733023009587 0.18171829180453386 0.10730721742058599 0.07017951255697435 0.0 0.0 0.0 1.0 0.0 
0.33100822093312937 -0.9664044983807253 -0.0018358186015849983 -0.9191222226098459 -0.12803686594765962 -0.6202787693905052 -0.0810020255552356 -0.3042893963567994 0.05416785967400172 -0.0021504135683348587 0.15043239972952782 0.29861970188412734 0.045704663385616004 0.6079973306982942 -0.1977043431142222 0.5515477733648155 -0.13280670943182302 0.24562579881177243 0.13783408662229985 0.09170262398361986 0.0 0.0 0.0 1.0 0.0 
0.2704756795422031 -0.9914163090128756 -0.08533230536901143 -0.9274538176638928 -0.18016809728183125 -0.599182613802845 -0.0911882439214411 -0.2551337207941995 0.09059034991818982 0.048326843745985976 0.22414193956686992 0.34431515671452434 0.11305669467213683 0.6602545568127155 -0.1539630095258876 0.5608803628003692 -0.1747730190781409 0.2129374256129194 0.09451001430615158 -9.555070078621775E-4 0.0 0.0 0.0 1.0 0.0 
0.3069367710251686 -0.8872007366482505 -0.1799549851563087 -0.9397592243053763 -0.45042971147943534 -0.582763169541652 -0.3252403889516858 -0.1775679479463424 0.06738421436445576 -0.08203175033758431 -0.006364459676609452 -0.038723656322555554 -0.24094536525475763 0.23543604435624 -0.14538284850683034 0.7956085572635812 0.22424450883848923 0.9629621531927874 0.707555795438159 0.7322744014732963 0.0 0.0 0.0 0.0 1.0 
0.5132424109106907 -0.6693356797184336 0.03459714541425941 -0.8308842938847336 -0.3392120277296422 -0.6070009603658465 -0.3121160247623442 -0.18875919725297408 0.127067943197709 -0.032179340641399726 -0.2979467418314282 0.15013414297025707 -0.36649023120929414 0.6133175617444333 -0.1853591629850983 0.8780080737353364 0.4325707292657548 1.0089065060504296 0.7376154861416628 0.7193711404591767 0.0 0.0 0.0 0.0 1.0 
0.4054131325645667 -0.8556180310683312 -0.09927243613197914 -1.0 -0.41123479601195856 -0.6175090195759907 -0.39490600680513244 -0.12548829976234155 1.0204760960502712E-5 0.030680321575859548 -0.21061660154388662 0.06725166158128074 -0.25935942778939003 0.5580942579254617 -0.09756343324984923 0.8504802215734091 0.4960948425601157 1.0546823075968135 0.8578099685504621 0.584085655291422 0.0 0.0 0.0 0.0 1.0 
0.42941217198642945 -0.47337810704147343 0.24121896247450147 -0.9153915391539155 -0.24875581582630502 -0.8188201725417625 -0.3770684760783771 -0.3646817330487152 -0.13744071549121384 0.01516305476701513 -0.3053717856377245 0.06855997714561651 -0.38362013470666567 0.5656338207656271 -0.0672733538052317 0.9715014303467777 0.4238733538469832 0.9843323864408071 0.8042536050093596 0.6847321915720732 0.0 0.0 0.0 0.0 1.0 
0.6605329949238579 -0.47197546531302886 0.22724480895774996 -0.7322335025380712 -0.253195804503529 -0.6322814772006933 -0.3497930499887403 -0.2109205394501153 0.059182621726345974 -0.0613643974290036 -0.21272397346429284 0.05049893116310811 -0.4202681530885186 0.393171852071162 -0.13295424769365663 0.8431097883303931 0.4337260376323009 0.9390289472750251 0.837520828829871 0.7929499098485877 0.0 0.0 0.0 0.0 1.0 
0.5674237611181703 -0.8761118170266836 0.08058739002377588 -0.9382273392385856 -0.3328049562862834 -0.7439898340567913 -0.43241559242713773 -0.282397893875877 -0.06055144070153873 -0.07502324875021896 -0.06631684125831816 0.04368097463170034 -0.4413728982395342 0.4335846089662756 -0.2486981340650783 0.7862698025873871 0.07809449090269815 1.0570990420444413 0.6915925273840555 0.7962383614668025 0.0 0.0 0.0 0.0 1.0 
0.6062095327248614 -0.9522583664872456 0.08473715755235504 -0.9487965372752806 -0.29375652783448297 -0.6727775231835375 -0.46038930138763257 -0.2745218567542001 -0.05899068306494321 -0.021530540603791278 -0.08279284684040308 0.035428719231107145 -0.3394885003478198 0.3193885860912118 -0.12347217258605708 0.7924339043310193 0.2978195375843402 1.02223752530826 0.7815511494536684 0.8820616200621512 0.0 0.0 0.0 0.0 1.0 
0.3552934797343093 -0.783651891012607 -0.047345573828497835 -0.8027289822240984 -0.30147756540599174 -0.5028034048932261 -0.19129118345343907 -0.1476209841398944 0.040318531477554855 -0.12300797162937836 -0.258055249211908 0.1230880737845641 -0.29562589185871435 0.5267050816422388 -0.12166789126610995 0.8686972986003689 0.24108701267860067 0.9784296159505885 0.6015753743580976 0.8283274074122837 0.0 0.0 0.0 0.0 1.0 
0.3075514585174897 -0.7449172875363054 -0.03791774859536147 -0.7026429282577769 -0.19649835763499976 -0.44457260943446963 0.1140552687082483 -0.29321884076272275 -0.13544796861405367 -0.09137134610985849 -0.2898906782236555 0.19627333775808234 -0.3197105178757186 0.5560581914237112 -0.11541937797241814 0.8456392767136665 0.16759065988887983 1.0119042698406353 0.4302465298820566 0.8762470008839502 0.0 0.0 0.0 0.0 1.0 
0.36334955831981236 -0.8496484586262848 -0.13671887375892422 -0.8671260434295478 -0.33026861366504445 -0.49801726737526203 -0.157055295821817 -0.138903912024518 0.08734961484487684 -0.17183802818875488 -0.24291881952398603 0.10085652662086081 -0.31314223904813443 0.5921227339871804 -0.28788298187167977 0.8763224960497458 0.21567897295646388 1.0789518848635296 0.8065316236591471 0.8949895890910642 0.0 0.0 0.0 0.0 1.0 
0.2604016420725619 -0.7403750138688561 -0.24346051023170828 -0.8358310452280934 -0.47930451050566614 -0.4929798706867238 -0.29914775435539687 -0.13524908465549762 -0.054007370717650396 -0.07793888110991153 -0.26026300179951034 0.4009765606208755 -0.1633152233338916 0.729200035400946 0.2352295003103999 0.9741484522356596 0.7104781390575541 0.9256541734548467 0.9019683525749729 0.4782602061735022 0.0 0.0 0.0 0.0 1.0 
0.45222547474292585 -0.8134053891766119 -0.026861592606830107 -1.0 -0.4128949936200554 -0.7621874252830755 -0.39158629484934204 -0.2958198913574701 0.04427452588033762 -0.07578699721524845 0.10897578866706464 -0.02891067225716887 -0.2432635292351571 0.23036180157116792 -0.18338489335310848 0.713785413634807 0.17210451656694392 0.9084303216437388 0.6060890003136152 0.7157257654606739 0.0 0.0 0.0 0.0 1.0 
0.5401811303450651 -0.8405365126676604 0.02887693019532586 -0.97122549581566 -0.33068913781891146 -0.6888452713070354 -0.29289031425614176 -0.25766899389762465 0.13729269903679708 -0.13263785394932953 -0.2334177107804043 -0.039177263803316376 -0.30929726011693204 0.42198853667603875 -0.14624323236299452 0.8800481648571359 0.2788260751061631 1.065335327151161 0.7379490595834226 0.9111395567183092 0.0 0.0 0.0 0.0 1.0 
0.3777405857740584 -0.8189121338912133 -0.10532395225531588 -0.888500907701477 -0.4232448013749291 -0.5655794034065939 -0.3332901445077787 -0.17228596040736005 0.07618590352327496 -0.04536740717163559 -0.12936211895280197 -0.06027671098619629 -0.21405857740585793 0.3802834348778319 -0.01116478650691527 0.6488422293718739 0.38439340346424733 0.9581485600710828 0.7084518828451878 0.8575193335961662 0.0 0.0 0.0 0.0 1.0 
0.5589983358427769 -0.8991996196212061 0.09232013290754593 -0.9831999366035343 -0.2985799588577738 -0.7716490211861085 -0.39020524605753215 -0.3433018098673316 -0.2636985272832113 0.01894848548590357 -0.0075562266221381735 0.07577551424414447 -0.2880459455042176 0.46000008466688147 -0.07304176859584009 0.827131456072445 0.2442161889994776 0.943679718234903 0.6420216486887385 0.7165374788485968 0.0 0.0 0.0 0.0 1.0 
0.33349259436215944 -0.8204730052556143 -0.2093149528812573 -0.8597293124246932 -0.4440993788819879 -0.5633895638645835 -0.2474774688483285 -0.16929393472514617 0.10927305222039178 -0.119956760359497 -0.23459049481809513 0.13317953374853397 -0.24148525417346106 0.5391952245699525 0.09721262112702733 0.907402390446141 0.4409974315050911 0.9325120982676736 1.0 0.697675627656273 0.0 0.0 0.0 0.0 1.0 
0.3533040272263186 -0.8581962563811685 -0.13355439847993986 -0.9868538847816033 -0.408891094724901 -0.6295824381200389 -0.3426027833657974 -0.19803189123331838 0.14946114577424827 -0.12251030063846016 -0.20980329121599833 -0.01602072134096999 -0.28570359092980246 0.44239870843839846 -0.06773379870148677 0.7991118123401661 0.4151432612113699 0.9852524106636418 0.8850680657969368 0.7678291634372787 0.0 0.0 0.0 0.0 1.0 
0.5077932731747336 -0.988046408062815 -0.0013739801991504968 -0.9818416928855185 -0.36509987537374344 -0.724224574042838 -0.3515938710986104 -0.29880765886870586 0.07829706713508755 -0.16324856439704674 -0.22361971238322625 0.013444334776644501 -0.30245924101930505 0.4396145075312943 -0.14640744903429587 0.8886675260752375 0.38319100743717716 0.8886675260752375 0.8783546232274699 0.7882691630719201 0.0 0.0 0.0 0.0 1.0 
0.4393063583815028 -0.9201837041729353 -0.09261564728042387 -0.9262819062710679 -0.40874178478105955 -0.6420100082732563 -0.2540488149328483 -0.22673073749203743 0.1804558304230436 -0.062158524031989904 0.028833444247813297 0.003045815832495899 -0.2590862301053132 0.2991020392122118 -0.24658817152691004 0.8114624669765353 0.2411507506695061 0.965476284741468 0.6250835855728001 0.8371571932380477 0.0 0.0 0.0 0.0 1.0 
0.43704898548263854 -0.9766533661601153 -0.10750054480515916 -0.9229030937575358 -0.4168137274984359 -0.5808136866613198 -0.22570780223435616 -0.24224981995848488 0.20883017309967158 -0.14228712114780528 -0.24288395958433617 0.03555992188537152 -0.33841391429235257 0.421807242605581 -0.1203868764457377 0.8755404317502689 0.33531458513814116 1.0 0.7996276978264931 0.9154899432808556 0.0 0.0 0.0 0.0 1.0 
