20 5
0.5376507660545475 -1.0 0.3562425296099099 -0.5037599085876621 0.23566485975467577 -0.015573585170301009 -0.08432033032706723 0.34294642264373276 -0.47119783894432654 0.3224303504594313 -0.680375964359448 -0.1177967527219499 -0.38171127809123595 -0.4118463785227936 0.11641207345827953 -0.3795436044741535 0.46662294281305705 -0.08048165198615576 0.7881669020971422 0.3426276205418002 1.0 0.0 0.0 0.0 0.0 
0.6652325101667944 -0.9403548063888725 0.3860901394789492 -0.37337714166495073 0.13532889167784368 0.08189976829301196 -0.21159149220675313 0.5180266173213095 -0.7429666893498483 0.42784041749291235 -0.7987100718463245 -0.09706245258149426 -0.45096944157571905 -0.4382035716390642 0.06819972570336053 -0.28967356872124195 0.4294966734570327 0.017635176922047524 0.9132170764901675 0.42910085087573924 1.0 0.0 0.0 0.0 0.0 
0.5079240546053666 -1.0 0.36706678705239554 -0.6391482166502885 0.21145133196704785 -0.3184220166183098 0.09723942596970903 -0.0044584533830077985 -0.12286548356086642 0.269421265767049 -0.4407813592492145 0.31671900184408885 -0.46522720583833643 0.006189626769788166 -0.12796276480568639 -0.08849835242428988 0.2183677698149371 0.022541628280337858 0.5079240546053665 0.2250117683979289 1.0 0.0 0.0 0.0 0.0 
0.5815552523874488 -0.5286221009549797 0.32363777129672455 0.002710814841748512 0.002511358534247809 0.3681298420114546 -0.5010505067137827 0.5174897680763983 -0.7435197817189634 0.16364531116721556 -0.6326625942783064 -0.3861345658772206 -0.23103157636095462 -0.5845382487969235 0.21343117526219124 -0.3214084894941619 0.5535365156854546 0.09188731104523451 0.9255979685459357 0.39659387577649485 1.0 0.0 0.0 0.0 0.0 
0.6908414934282872 -0.7778708697701211 0.40830475525749566 -0.2389587846862019 0.13793217571981797 0.1671419196878376 -0.2947891765717291 0.4538051935381506 -0.8047041221009816 0.3489925251867677 -0.8289333023816927 -0.14032888539649224 -0.429095856678386 -0.4083887521600251 0.07745217757971457 -0.3015905085191416 0.4787850548969901 -0.03511140015933928 0.9262271924690566 0.35828972917880575 1.0 0.0 0.0 0.0 0.0 
0.4782050694412614 -1.0 0.30074051982110567 -0.48070793617068797 0.13684750239695184 -6.052124301506279E-4 -0.08348235270944855 0.41772478954911585 -0.45738096679292983 0.45022378935987634 -0.5725016977255505 0.02880441185795443 -0.3955940184844877 -0.46270722521348584 0.05972374298970612 -0.5379297886229619 0.26257820501049833 -0.053882393033410914 0.5169821698675345 0.4373697281841895 1.0 0.0 0.0 0.0 0.0 
0.8559514783927215 -0.9457922668688401 0.4899079337604265 -0.2652651651554238 0.14837573501626455 0.3026749585613072 -0.4186861513758152 0.7039423805913567 -0.9493938296969462 0.5201257374280133 -0.9959425938136199 -0.2940132202575212 -0.5045665569379068 -0.715687821935532 0.13360789075457158 -0.5961006733450189 0.5513483155144367 -0.03135508548497934 0.9796815769522356 0.6271302621020269 1.0 0.0 0.0 0.0 0.0 
0.6359555690809494 -1.0 0.4753276045563567 -0.3666871241635209 0.16115619954906696 0.10900724050280022 -0.3024258733814535 0.6024570318453495 -0.7537859557227704 0.5486883500864048 -0.9580795487694573 -0.10885608184370477 -0.5316470920099903 -0.6924832623250152 -0.07262775927501752 -0.6575950168796597 0.36908561245213445 -0.09514668783427566 0.7598500813298341 0.5733414485696895 1.0 0.0 0.0 0.0 0.0 
0.5068877142399487 -1.0 0.3844097814281039 -0.3353429327398345 0.19225183687576478 0.02274001484211334 -0.11954154048350661 0.42164528768734716 -0.5367292332729238 0.5201023537501024 -0.7561268620855359 -0.049415345186609186 -0.48505652449503733 -0.3869601341626594 0.026671149166083652 -0.4565100137363671 0.301713488528095 -0.22611378566376386 0.6833440290970385 0.292019517716142 1.0 0.0 0.0 0.0 0.0 
0.7317927170868344 -1.0 0.542017727453296 -0.29271892829594853 0.20415236735267284 0.3605308293245646 -0.23713260814135328 0.7843137254901956 -0.8629521987464368 0.5859027807110619 -1.0048011929404579 -0.023411547229045926 -0.7496585876427615 -0.6430088816825821 -0.06215697223800143 -0.8562746192968254 0.45170149606148735 -0.21558215554690496 0.7736503037329001 0.48023293678612156 1.0 0.0 0.0 0.0 0.0 
-0.12284674125377375 1.0 -0.2172136688804372 0.6645811925124713 -0.24839007316518347 0.4015495397165491 -0.2511099271887764 0.20679739347413123 -0.20870407481126613 -0.001772140749943888 -0.13019331465860512 -0.2299348055966594 0.07892886242159286 -0.28037676712910864 0.045451209051238006 -0.07836085952761503 0.1574320724560469 0.10215769845498135 -0.08272952414432361 0.13066062866275968 0.0 1.0 0.0 0.0 0.0 
-0.217504011850389 1.0 -0.2669355121909574 0.609081053951107 -0.30496235032712027 0.3143273786196957 -0.2712152774903235 0.01706545601397484 -0.2129844900917106 -0.29862682071377866 -0.01067353793547773 -0.37086766972545504 0.03226029027415739 -0.17732378718676703 0.32070114800641875 -0.061986881121919635 0.24001089772281656 0.16978612196493892 -0.0701554833923837 0.2794927081889028 0.0 1.0 0.0 0.0 0.0 
-0.22842534374352233 1.0 -0.23275643571807658 0.5479462089360791 -0.2497754439300766 0.3078814789871708 -0.2566942271053631 0.029951705786992418 -0.23758404455737653 -0.27283800818657855 0.0022623964866576307 -0.3960832357698617 -0.036274442064533875 -0.12443860982519173 0.2395262516389151 -0.06914135287431122 0.2546354557921995 0.2232062750865611 -0.04450032272353009 0.2598631935327852 0.0 1.0 0.0 0.0 0.0 
-0.12998991935483875 1.0 -0.16386088709677424 0.6569774375276324 -0.18644153225806456 0.4288524754873949 -0.18644153225806456 0.21566745083538486 -0.1751512096774194 -0.09171689795252502 -0.15187360469905423 -0.27815281192106067 0.05308484697363334 -0.3176804342872319 0.06972784070010685 -0.15161290322580648 0.15988762659956463 0.021906356663229695 -0.06789314516129036 0.0950223879174151 0.0 1.0 0.0 0.0 0.0 
-0.2711809597723453 1.0 -0.41678667627434896 0.4288032137865838 -0.4218083042297247 -0.05766576132900306 -0.39049795378616703 -0.4271272330304344 -0.057406972904353315 -0.7100633811926013 -0.02436489739709785 -0.3303049341039446 0.12080756236755275 -0.17843745957832102 0.40765754413479605 0.06485602054384215 0.3377296570314602 0.5227662670734561 -0.17371620747639394 0.5510600191385453 0.0 1.0 0.0 0.0 0.0 
-0.30199522880069424 1.0 -0.3343442367631687 0.4883763642822362 -0.3748644545651705 0.09812695382068934 -0.37022415916868723 -0.14190443293080615 -0.21160835207569403 -0.48551195721085866 0.0714595532422466 -0.49183497213741095 -0.05064462600045977 -0.16861609515418366 0.16459462106257916 -0.0482358819584332 0.3666849676589947 0.23187432038592493 -0.0156931210948896 0.43526350032530914 0.0 1.0 0.0 0.0 0.0 
-0.27993936331480557 1.0 -0.3648307225871653 0.41965248092996277 -0.3735695971052329 0.04420955719419812 -0.2930323608775744 -0.3420697514382498 -0.08294916626870542 -0.6223681994273197 0.17511310457118756 -0.3251293588813007 -0.1510848007978548 -0.08472292403570802 0.10265036985658321 -0.09092927930641653 0.3351429036375433 0.38491773304765076 0.021138883867273917 0.5091377424220993 0.0 1.0 0.0 0.0 0.0 
-0.34774297897368056 1.0 -0.4529327059504801 0.26636646601747266 -0.49999904511776144 -0.20276620913221774 -0.22947691973233036 -0.6994065188134411 0.2198236993544403 -0.6522354278537205 0.22300943544463375 -0.05379261656072321 -0.28054818006210436 0.01838205340460808 0.06942987860952765 -0.08849515463644345 0.463278897148816 0.38600797242918716 -0.03616644141729264 0.7272483481782821 0.0 1.0 0.0 0.0 0.0 
-0.21441555362364664 1.0 -0.31799575893841 0.5639925153891092 -0.3598356121078006 0.1894462524777535 -0.3671066150320083 -0.14157395282362137 -0.30529803603493133 -0.4651121433691625 -0.05445348929107732 -0.397971444052165 0.026426105426418198 -0.19971548249427 0.30959475758994903 -0.05379732333947447 0.4473965978269929 0.25824453772001055 0.07903971315650249 0.4183197660633843 0.0 1.0 0.0 0.0 0.0 
-0.19758870134343798 1.0 -0.2656569445649581 0.47557317331092575 -0.29782983120909423 0.2734767677922875 -0.31129255089770735 0.004806239720372459 -0.19742728759726003 -0.2678700297090462 -0.0013006177412714414 -0.4184469123685227 -0.010471925594213038 -0.08260420254908722 0.1928571108538103 -0.03966097388611384 0.23167520569488415 0.26745554217494844 -0.07674338857972454 0.3250430589045814 0.0 1.0 0.0 0.0 0.0 
-0.6822840409956076 -0.7121360013014479 -0.21661848424317912 -0.2859205828278547 0.06419482813425956 0.05975546211548387 0.22506913941760215 0.4741498612305008 0.08370986734794275 0.9204384977081821 -0.2641125752399544 0.9109447817115008 -0.30025522898214146 0.4280525655829483 -0.16185833555765536 0.11587692845655917 0.02781844802342613 -0.6624420944745575 0.29492916559894033 -0.8180762632940204 0.0 0.0 1.0 0.0 0.0 
-0.4044199776607626 -0.6735280038295837 -0.13245099402191807 -0.2069027081316615 0.04371481929162802 0.20103560922319588 0.13781768431827707 0.6169604964007334 -0.13467290306691507 0.9859313378820465 -0.3253555474614233 0.7411331856374854 -0.19750646899975322 0.18934691178927598 -0.04385302459725185 -0.10090709411076682 -0.02003158352573807 -0.758901856383565 0.3256211388640273 -0.7816473334339289 0.0 0.0 1.0 0.0 0.0 
-0.4370381656128591 -0.7112820903481373 -0.042507388076613827 -0.25824594220169933 0.23926959801406797 0.16597730069790095 0.34235617855279166 0.5778678549868597 0.020215698374371024 0.947272904012787 -0.3176976530159785 0.7631629603875509 -0.34772093853496755 0.36051508116726405 -0.22989924228416903 -0.028482841690790073 -0.08904658466228445 -0.7420550970085245 0.34547116629846863 -0.8158408458225574 0.0 0.0 1.0 0.0 0.0 
-0.18142798184069348 -0.8096574494428393 -0.004535351627887216 -0.32413467354054504 0.0820470491126701 0.1601379034179162 0.09208448285724546 0.5722970648870671 -0.13483958380980526 0.9796859586846014 -0.33396615765579873 0.7164780873061125 -0.338986020889422 0.3641257187118238 -0.1902247249539385 -0.005019112875616849 0.12429272417530696 -0.6395403852182602 0.38282228648329775 -0.791489228290974 0.0 0.0 1.0 0.0 0.0 
-0.3886015887402036 -0.6715892733379539 -0.02540476806814712 -0.2006822778722241 0.23394203898298463 0.20801845713832567 0.28314478603673565 0.6265436835561884 -0.052355491378389324 1.0 -0.4796609265874072 0.751841921213956 -0.39646441193742177 0.38369125942492244 -0.1313281485600618 -0.20110005610581438 0.023531023029599862 -0.6223144639702083 0.3591283738417834 -0.7041104654262411 0.0 0.0 1.0 0.0 0.0 
-0.2652754841615375 -0.567332232397538 0.02297827765584653 -0.12842103870313887 0.1526797778111393 0.29571930855977047 0.11221358467327522 0.7348131849546051 -0.22778146921376657 1.0059674540142671 -0.38494862298636207 0.7176549566718302 -0.3375576810993692 0.40531986654656355 -0.16565644521482492 -0.17992790608979758 0.010028377470910635 -0.7532498223992214 0.28626381190526584 -0.804113415125332 0.0 0.0 1.0 0.0 0.0 
-0.43151843084206987 -0.8596550557997971 -0.0023179210675143315 -0.370035755710279 0.21787185353561778 -0.02295648384779984 0.355258708150152 0.47225172916727065 0.08989614837425688 0.9101584526982283 -0.2964931174766152 0.9943386227824473 -0.3854570160547197 0.36438349082483135 -0.25957048118035303 -0.10225461584912321 -0.1199053708351472 -0.7166046668921204 0.33710808643646595 -0.7362932277291465 0.0 0.0 1.0 0.0 0.0 
-0.22271964185786217 -0.7555959709009513 0.10815795253748356 -0.2976740221774115 0.20465623315659356 0.118750356188206 0.22724727345561616 0.5640612014574387 0.01914369319036635 0.9553946392103051 -0.25820659479077923 0.8426774306588585 -0.42517579614766976 0.36326613926331525 -0.3279590258893076 -0.028494193745742136 -0.03754549466718372 -0.5352370470560868 0.3454254421055838 -0.6832680470061554 0.0 0.0 1.0 0.0 0.0 
-0.40544079138783834 -0.6707157404713414 -0.06453216615129648 -0.2773631233814391 0.20096153242129228 0.1447881778673128 0.24587084973243195 0.5519568427142547 -0.0025236242564053157 0.9410544713242823 -0.3421849622234172 0.8434308972553992 -0.34520318589795995 0.40722724753967526 -0.16061003717469713 -0.019188218414809 -0.021511999289862915 -0.5957957521093977 0.38029171237548565 -0.7231597323247017 0.0 0.0 1.0 0.0 0.0 
-0.27403739561008045 -1.0 -0.062476580794209605 -0.4218607716376016 0.09465889397999827 0.014433149392768269 0.1532776587096299 0.4707636357714012 0.06925918530977307 0.9255747041010387 -0.3522668582217242 0.8960610020776012 -0.41704473370873474 0.37695280745837983 -0.17571944004841597 0.028118048251594807 0.13879240263099563 -0.6266355814940217 0.43857013251891375 -0.7710658830177679 0.0 0.0 1.0 0.0 0.0 
0.28485975264732044 -0.9287042276291326 -0.08110855352570631 -0.9611889657083363 -0.2408342894576008 -0.6138640401713815 -0.15042870455612467 -0.30837311132160256 0.07798499793617374 0.030616151440336758 0.25430442163123446 0.2966885333820123 0.1384333104888646 0.6168924586837689 -0.1876272726640414 0.5718688084729958 -0.1986828339959446 0.20674795930182488 0.10322451015208078 0.04397497189903127 0.0 0.0 0.0 1.0 0.0 
0.26406250000000003 -0.8414634146341463 -0.014524002489339397 -0.9539617404676788 -0.1881798459448352 -0.6639332478687204 -0.17737285522210006 -0.3473002782991529 -0.02349588033215657 -0.05213252362227229 0.15244693336180223 0.2618830524817275 0.1853214448814763 0.5837841409653273 -0.1056919325116493 0.7412566601973049 -0.15600090579971665 0.36318045246715924 0.04047866438516409 0.08003048780487793 0.0 0.0 0.0 1.0 0.0 
-0.0206005247303469 -1.0 -0.23418873789704775 -0.684532257299834 -0.23172735177163895 -0.41302420652720895 0.010615479295513047 -0.15004203247676082 0.19831535149659402 0.033413981367354954 0.3452741395261093 0.3277271127096186 0.11442043174086024 0.49736015288439755 -0.17855616241025796 0.40318480849539645 -0.1829886026705913 0.10695458532735595 0.07490054956780934 -0.025958107952158 0.0 0.0 0.0 1.0 0.0 
0.2297610379294367 -1.0 -0.10176100725154943 -0.8636077545236069 -0.23244191434434372 -0.5751880901195182 -0.10956493779796153 -0.2877668764413104 0.060789464533684834 -0.033272890665891446 0.24443906327000534 0.22668179371416847 0.16811759866789072 0.5098738967332661 -0.11805606657975012 0.48634306401799243 -0.18413311571839897 0.17840065127934987 0.0670690613812702 -0.005073399407994592 0.0 0.0 0.0 1.0 0.0 
0.36983100581426936 -0.9103950442862577 0.012763703419830007 -0.9466613429891473 -0.18623610812314895 -0.6561018451080924 -0.12846675477741915 -0.2619303115408229 0.008399796460697821 0.027370414884500593 0.17022321501608298 0.32779029406003485 0.09024874245527814 0.6683462585609822 -0.18119654211949843 0.5901570424964573 -0.22024426634795322 0.2911022786285595 0.12737053741237842 0.07878821542995296 0.0 0.0 0.0 1.0 0.0 
0.1851013478752958 -1.0 -0.12393274312740815 -0.8072672318201076 -0.19533902664883215 -0.5575803305590239 -0.12259692862638912 -0.23736179637226365 0.038803594308789116 0.00719252549318934 0.18715452645107808 0.21424778401997496 0.14802438922638927 0.5115112051416612 -0.07386622769662729 0.5526450137216583 -0.1791711271527831 0.2837414029917314 0.025043604619541887 0.03176277532722956 0.0 0.0 0.0 1.0 0.0 
0.22859015071324174 -0.9051867533645849 -0.10967760949911776 -0.9243705960123578 -0.2892761257380732 -0.6190913263998735 -0.2609828666116675 -0.280179123693841 -0.07769455396131841 0.011120406470154914 0.20203861272998833 0.2516101036110835 0.31163511080699186 0.5637114288371438 0.011549516522271278 0.6854461126640794 -0.19492222517981433 0.40136848465765007 0.11025448208526106 0.21190664903818113 0.0 0.0 0.0 1.0 0.0 
0.3558881858532441 -0.8526773066389649 0.024537546574858064 -0.9646619862040913 -0.17873543192298424 -0.7066522828156613 -0.2092380164294654 -0.36136143844171514 -0.07389996750940221 -0.11066044432395178 0.14698615014647828 0.18271275621911712 0.20397801067105478 0.4922234101433949 -0.039725719457181397 0.6016411108619739 -0.18202729104649001 0.32136877606785996 0.08579658135801316 0.10492020020776291 0.0 0.0 0.0 1.0 0.0 
0.3481314399958991 -0.8615881478443635 -0.017640361809392664 -0.9298941267797246 -0.2670548121989378 -0.6892838788092391 -0.31413002780920646 -0.3290822122748326 -0.14128354865019843 -0.024881511211310714 0.10233347379295152 0.26654656490484846 0.24332988629475016 0.6273319274131498 -0.07912827677685574 0.7975826475067347 -0.23195938298181645 0.42837580024120503 0.09929388148453483 0.23032757471676835 0.0 0.0 0.0 1.0 0.0 
0.3001716738197424 -0.8736909871244635 -0.02847798556487568 -0.980105705422249 -0.21218055809710035 -0.6800752994074749 -0.1447439938222044 -0.32007736412386445 -0.0018997387759201144 0.0030265161170420843 0.18447598563333714 0.296187204335924 0.1804241733556047 0.620479619794919 -0.14574222381121438 0.6753277878454567 -0.20910910621044643 0.34135125963119306 0.07428674929998055 0.11806866952789696 0.0 0.0 0.0 1.0 0.0 
0.3069367710251686 -0.8872007366482505 -0.1799549851563087 -0.9397592243053763 -0.45042971147943534 -0.582763169541652 -0.3252403889516858 -0.1775679479463424 0.06738421436445576 -0.08203175033758431 -0.006364459676609452 -0.038723656322555554 -0.24094536525475763 0.23543604435624 -0.14538284850683034 0.7956085572635812 0.22424450883848923 0.9629621531927874 0.707555795438159 0.7322744014732963 0.0 0.0 0.0 0.0 1.0 
0.5132424109106907 -0.6693356797184336 0.03459714541425941 -0.8308842938847336 -0.3392120277296422 -0.6070009603658465 -0.3121160247623442 -0.18875919725297408 0.127067943197709 -0.032179340641399726 -0.2979467418314282 0.15013414297025707 -0.36649023120929414 0.6133175617444333 -0.1853591629850983 0.8780080737353364 0.4325707292657548 1.0089065060504296 0.7376154861416628 0.7193711404591767 0.0 0.0 0.0 0.0 1.0 
0.4054131325645667 -0.8556180310683312 -0.09927243613197914 -1.0 -0.41123479601195856 -0.6175090195759907 -0.39490600680513244 -0.12548829976234155 1.0204760960502712E-5 0.030680321575859548 -0.21061660154388662 0.06725166158128074 -0.25935942778939003 0.5580942579254617 -0.09756343324984923 0.8504802215734091 0.4960948425601157 1.0546823075968135 0.8578099685504621 0.584085655291422 0.0 0.0 0.0 0.0 1.0 
0.42941217198642945 -0.47337810704147343 0.24121896247450147 -0.9153915391539155 -0.24875581582630502 -0.8188201725417625 -0.3770684760783771 -0.3646817330487152 -0.13744071549121384 0.01516305476701513 -0.3053717856377245 0.06855997714561651 -0.38362013470666567 0.5656338207656271 -0.0672733538052317 0.9715014303467777 0.4238733538469832 0.9843323864408071 0.8042536050093596 0.6847321915720732 0.0 0.0 0.0 0.0 1.0 
0.6605329949238579 -0.47197546531302886 0.22724480895774996 -0.7322335025380712 -0.253195804503529 -0.6322814772006933 -0.3497930499887403 -0.2109205394501153 0.059182621726345974 -0.0613643974290036 -0.21272397346429284 0.05049893116310811 -0.4202681530885186 0.393171852071162 -0.13295424769365663 0.8431097883303931 0.4337260376323009 0.9390289472750251 0.837520828829871 0.7929499098485877 0.0 0.0 0.0 0.0 1.0 
0.5674237611181703 -0.8761118170266836 0.08058739002377588 -0.9382273392385856 -0.3328049562862834 -0.7439898340567913 -0.43241559242713773 -0.282397893875877 -0.06055144070153873 -0.07502324875021896 -0.06631684125831816 0.04368097463170034 -0.4413728982395342 0.4335846089662756 -0.2486981340650783 0.7862698025873871 0.07809449090269815 1.0570990420444413 0.6915925273840555 0.7962383614668025 0.0 0.0 0.0 0.0 1.0 
0.6062095327248614 -0.9522583664872456 0.08473715755235504 -0.9487965372752806 -0.29375652783448297 -0.6727775231835375 -0.46038930138763257 -0.2745218567542001 -0.05899068306494321 -0.021530540603791278 -0.08279284684040308 0.035428719231107145 -0.3394885003478198 0.3193885860912118 -0.12347217258605708 0.7924339043310193 0.2978195375843402 1.02223752530826 0.7815511494536684 0.8820616200621512 0.0 0.0 0.0 0.0 1.0 
0.3552934797343093 -0.783651891012607 -0.047345573828497835 -0.8027289822240984 -0.30147756540599174 -0.5028034048932261 -0.19129118345343907 -0.1476209841398944 0.040318531477554855 -0.12300797162937836 -0.258055249211908 0.1230880737845641 -0.29562589185871435 0.5267050816422388 -0.12166789126610995 0.8686972986003689 0.24108701267860067 0.9784296159505885 0.6015753743580976 0.8283274074122837 0.0 0.0 0.0 0.0 1.0 
0.3075514585174897 -0.7449172875363054 -0.03791774859536147 -0.7026429282577769 -0.19649835763499976 -0.44457260943446963 0.1140552687082483 -0.29321884076272275 -0.13544796861405367 -0.09137134610985849 -0.2898906782236555 0.19627333775808234 -0.3197105178757186 0.5560581914237112 -0.11541937797241814 0.8456392767136665 0.16759065988887983 1.0119042698406353 0.4302465298820566 0.8762470008839502 0.0 0.0 0.0 0.0 1.0 
0.36334955831981236 -0.8496484586262848 -0.13671887375892422 -0.8671260434295478 -0.33026861366504445 -0.49801726737526203 -0.157055295821817 -0.138903912024518 0.08734961484487684 -0.17183802818875488 -0.24291881952398603 0.10085652662086081 -0.31314223904813443 0.5921227339871804 -0.28788298187167977 0.8763224960497458 0.21567897295646388 1.0789518848635296 0.8065316236591471 0.8949895890910642 0.0 0.0 0.0 0.0 1.0 
